Filter description: Low-pass equiripple FIR filter (lp_filter.fda)

Number of taps: 40
Symmetry      : 1
Coefficients unscaled: [-0.004314, -0.013091, -0.016515, -0.0064306, 0.0098179, 0.010802, -0.0065674, -0.016805, 0.00065325, 0.022471, 0.010147, -0.025658, -0.026559, 0.023048, 0.050385, -0.0092912, -0.087919, -0.03377, 0.18733, 0.40151, 0.40151, 0.18733, -0.03377, -0.087919, -0.0092912, 0.050385, 0.023048, -0.026559, -0.025658, 0.010147, 0.022471, 0.00065325, -0.016805, -0.0065674, 0.010802, 0.0098179, -0.0064306, -0.016515, -0.013091, -0.004314]
CoeffBits : 16
DataBits  : 16
ResultBits: 33
Coefficient scale factor: 65536
Coefficients scaled: [-283, -858, -1082, -421, 643, 708, -430, -1101, 43, 1473, 665, -1682, -1741, 1510, 3302, -609, -5762, -2213, 12277, 26313, 26313, 12277, -2213, -5762, -609, 3302, 1510, -1741, -1682, 665, 1473, 43, -1101, -430, 708, 643, -421, -1082, -858, -283]

